$ANSIBLE_VAULT;1.1;AES256
39633934336565653336663465323230643330313563663634336165333438303666623238343736
3335616164316563333934356534376166313161343636650a656432313061303764376462653635
34306465376637663631343633363633303737313837306635643738356366363936323038666363
3930386334383231660a643830393536633535306536343630363637643231346135623164623739
37613134633263383534323466363838363364383434386261633935326631643433363230653431
31363237663039623364356434323635656365363633616264646335336461663865393035333334
61656663393263363332393936363236623065303838353935373430633261393736313662313032
61333463366136386262383233356365373537343861653236656264356233636662383339666134
66613036353732666434356161353161373262373533623264343838613730376338373733343032
32333735633836373933353431653034386465396431663036623235373831653838643933306565
39633636633731333530393830623630353731643938656633626638366635353734313039383565
37623133643134623037353865366330353232373864396632373734363533303331636533653661
33303162333065313533386665316332373938363161643364376636626366393761633830373865
3164636562636236383633333637656465633431303865636531
